0.000000000
0.011402506
0.022812903
0.034229706
0.045651425
0.057076561
0.068503611
0.079931065
0.091357405
0.102781108
0.114200646
0.125614484
0.137021082
0.148418896
0.159806373
0.171181959
0.182544095
0.193891214
0.205221749
0.216534126
0.227826768
0.239098095
0.250346522
0.261570462
0.272768323
0.283938514
0.295079437
0.306189494
0.317267085
0.328310606
0.339318454
0.350289022
0.361220704
0.372111890
0.382960972
0.393766341
0.404526385
0.415239495
0.425904062
0.436518474
0.447081124
0.457590403
0.468044704
0.478442422
0.488781951
0.499061691
0.509280041
0.519435403
0.529526182
0.539550787
0.549507627
0.559395117
0.569211675
0.578955724
0.588625689
0.598220001
0.607737095
0.617175412
0.626533397
0.635809501
0.645002182
0.654109902
0.663131131
0.672064345
0.680908026
0.689660665
0.698320760
0.706886816
0.715357346
0.723730871
0.732005923
0.740181040
0.748254770
0.756225671
0.764092311
0.771853266
0.779507125
0.787052485
0.794487956
0.801812157
0.809023721
0.816121289
0.823103519
0.829969076
0.836716641
0.843344907
0.849852580
0.856238378
0.862501036
0.868639299
0.874651929
0.880537702
0.886295409
0.891923854
0.897421859
0.902788260
0.908021911
0.913121679
0.918086450
0.922915126
0.927606627
0.932159887
0.936573862
0.940847523
0.944979860
0.948969882
0.952816615
0.956519105
0.960076418
0.963487639
0.966751871
0.969868240
0.972835889
0.975653984
0.978321712
0.980838278
0.983202912
0.985414863
0.987473403
0.989377826
0.991127448
0.992721606
0.994159663
0.995441003
0.996565034
0.997531186
0.998338913
0.998987696
0.999477037
0.999806462
0.999975525
0.999983801
0.999830892
0.999516426
0.999040054
0.998401456
0.997600334
0.996636420
0.995509469
0.994219264
0.992765615
0.991148358
0.989367356
0.987422501
0.985313709
0.983040926
0.980604126
0.978003309
0.975238505
0.972309771
0.969217191
0.965960882
0.962540984
0.958957669
0.955211138
0.951301621
0.947229375
0.942994688
0.938597878
0.934039291
0.929319304
0.924438322
0.919396781
0.914195147
0.908833915
0.903313611
0.897634791
0.891798040
0.885803976
0.879653244
0.873346522
0.866884516
0.860267965
0.853497638
0.846574332
0.839498878
0.832272135
0.824894994
0.817368377
0.809693235
0.801870551
0.793901337
0.785786639
0.777527529
0.769125112
0.760580525
0.751894932
0.743069531
0.734105547
0.725004237
0.715766889
0.706394819
0.696889376
0.687251937
0.677483909
0.667586729
0.657561864
0.647410811
0.637135096
0.626736274
0.616215929
0.605575676
0.594817158
0.583942044
0.572952037
0.561848864
0.550634282
0.539310077
0.527878061
0.516340075
0.504697987
0.492953693
0.481109116
0.469166205
0.457126937
0.444993314
0.432767366
0.420451147
0.408046737
0.395556243
0.382981797
0.370325553
0.357589692
0.344776420
0.331887965
0.318926579
0.305894539
0.292794144
0.279627714
0.266397595
0.253106151
0.239755772
0.226348865
0.212887861
0.199375211
0.185813384
0.172204873
0.158552186
0.144857852
0.131124420
0.117354455
0.103550541
0.089715279
0.075851286
0.061961197
0.048047662
0.034113347
0.020160934
0.006193117
-0.007787393
-0.021777873
-0.035775586
-0.049777783
-0.063781702
-0.077784570
-0.091783602
-0.105776003
-0.119758969
-0.133729684
-0.147685324
-0.161623058
-0.175540044
-0.189433434
-0.203300375
-0.217138005
-0.230943458
-0.244713861
-0.258446340
-0.272138012
-0.285785995
-0.299387402
-0.312939345
-0.326438933
-0.339883275
-0.353269481
-0.366594658
-0.379855917
-0.393050369
-0.406175127
-0.419227308
-0.432204032
-0.445102422
-0.457919608
-0.470652723
-0.483298908
-0.495855309
-0.508319082
-0.520687388
-0.532957398
-0.545126294
-0.557191265
-0.569149514
-0.580998253
-0.592734708
-0.604356116
-0.615859729
-0.627242812
-0.638502646
-0.649636527
-0.660641768
-0.671515698
-0.682255664
-0.692859031
-0.703323185
-0.713645529
-0.723823488
-0.733854508
-0.743736058
-0.753465627
-0.763040729
-0.772458903
-0.781717710
-0.790814738
-0.799747602
-0.808513941
-0.817111424
-0.825537747
-0.833790635
-0.841867844
-0.849767157
-0.857486391
-0.865023393
-0.872376043
-0.879542253
-0.886519970
-0.893307175
-0.899901882
-0.906302144
-0.912506048
-0.918511717
-0.924317315
-0.929921042
-0.935321136
-0.940515877
-0.945503584
-0.950282617
-0.954851375
-0.959208304
-0.963351889
-0.967280658
-0.970993185
-0.974488088
-0.977764028
-0.980819714
-0.983653900
-0.986265388
-0.988653025
-0.990815707
-0.992752380
-0.994462037
-0.995943720
-0.997196523
-0.998219590
-0.999012113
-0.999573340
-0.999902568
-0.999999147
-0.999862480
-0.999492024
-0.998887289
-0.998047839
-0.996973292
-0.995663324
-0.994117663
-0.992336093
-0.990318458
-0.988064654
-0.985574635
-0.982848415
-0.979886062
-0.976687703
-0.973253524
-0.969583769
-0.965678740
-0.961538799
-0.957164365
-0.952555921
-0.947714004
-0.942639216
-0.937332215
-0.931793721
-0.926024515
-0.920025438
-0.913797391
-0.907341337
-0.900658299
-0.893749360
-0.886615666
-0.879258424
-0.871678901
-0.863878426
-0.855858388
-0.847620238
-0.839165488
-0.830495712
-0.821612544
-0.812517679
-0.803212872
-0.793699941
-0.783980764
-0.774057277
-0.763931478
-0.753605428
-0.743081242
-0.732361100
-0.721447239
-0.710341955
-0.699047604
-0.687566601
-0.675901417
-0.664054584
-0.652028689
-0.639826380
-0.627450357
-0.614903381
-0.602188266
-0.589307884
-0.576265161
-0.563063078
-0.549704671
-0.536193028
-0.522531291
-0.508722657
-0.494770371
-0.480677734
-0.466448093
-0.452084849
-0.437591453
-0.422971401
-0.408228242
-0.393365570
-0.378387026
-0.363296298
-0.348097119
-0.332793266
-0.317388561
-0.301886869
-0.286292097
-0.270608192
-0.254839143
-0.238988979
-0.223061766
-0.207061610
-0.190992651
-0.174859068
-0.158665073
-0.142414912
-0.126112866
-0.109763244
-0.093370390
-0.076938675
-0.060472501
-0.043976295
-0.027454513
-0.010911635
0.005647834
0.022219366
0.038798411
0.055380398
0.071960737
0.088534820
0.105098020
0.121645695
0.138173189
0.154675832
0.171148942
0.187587826
0.203987782
0.220344098
0.236652057
0.252906937
0.269104009
0.285238544
0.301305811
0.317301077
0.333219612
0.349056689
0.364807584
0.380467580
0.396031966
0.411496040
0.426855108
0.442104491
0.457239520
0.472255540
0.487147915
0.501912023
0.516543262
0.531037051
0.545388828
0.559594059
0.573648229
0.587546854
0.601285476
0.614859666
0.628265026
0.641497191
0.654551828
0.667424643
0.680111374
0.692607802
0.704909746
0.717013065
0.728913663
0.740607488
0.752090535
0.763358843
0.774408505
0.785235660
0.795836501
0.806207275
0.816344284
0.826243884
0.835902492
0.845316582
0.854482690
0.863397415
0.872057418
0.880459425
0.888600231
0.896476696
0.904085750
0.911424395
0.918489705
0.925278824
0.931788976
0.938017456
0.943961640
0.949618980
0.954987010
0.960063344
0.964845678
0.969331793
0.973519553
0.977406908
0.980991898
0.984272648
0.987247373
0.989914381
0.992272067
0.994318923
0.996053531
0.997474572
0.998580817
0.999371138
0.999844503
0.999999978
0.999836728
0.999354019
0.998551218
0.997427793
0.995983314
0.994217456
0.992129995
0.989720814
0.986989902
0.983937350
0.980563358
0.976868234
0.972852391
0.968516350
0.963860743
0.958886308
0.953593893
0.947984456
0.942059064
0.935818894
0.929265235
0.922399483
0.915223148
0.907737850
0.899945317
0.891847393
0.883446027
0.874743284
0.865741336
0.856442467
0.846849073
0.836963656
0.826788834
0.816327329
0.805581976
0.794555718
0.783251606
0.771672800
0.759822567
0.747704283
0.735321428
0.722677589
0.709776460
0.696621837
0.683217621
0.669567816
0.655676530
0.641547968
0.627186441
0.612596354
0.597782215
0.582748627
0.567500289
0.552041997
0.536378640
0.520515200
0.504456749
0.488208452
0.471775560
0.455163414
0.438377440
0.421423147
0.404306129
0.387032061
0.369606697
0.352035870
0.334325489
0.316481538
0.298510074
0.280417225
0.262209188
0.243892227
0.225472673
0.206956919
0.188351420
0.169662691
0.150897302
0.132061882
0.113163109
0.094207714
0.075202477
0.056154223
0.037069821
0.017956183
-0.001179741
-0.020330964
-0.039490464
-0.058651187
-0.077806051
-0.096947945
-0.116069735
-0.135164264
-0.154224358
-0.173242824
-0.192212457
-0.211126039
-0.229976347
-0.248756147
-0.267458207
-0.286075292
-0.304600171
-0.323025618
-0.341344416
-0.359549356
-0.377633248
-0.395588916
-0.413409203
-0.431086978
-0.448615133
-0.465986589
-0.483194299
-0.500231252
-0.517090473
-0.533765026
-0.550248022
-0.566532615
-0.582612012
-0.598479470
-0.614128302
-0.629551880
-0.644743636
-0.659697068
-0.674405742
-0.688863291
-0.703063425
-0.716999929
-0.730666667
-0.744057585
-0.757166715
-0.769988177
-0.782516181
-0.794745031
-0.806669129
-0.818282974
-0.829581171
-0.840558427
-0.851209558
-0.861529492
-0.871513267
-0.881156041
-0.890453089
-0.899399806
-0.907991715
-0.916224461
-0.924093821
-0.931595703
-0.938726149
-0.945481337
-0.951857586
-0.957851354
-0.963459242
-0.968678000
-0.973504523
-0.977935858
-0.981969203
-0.985601911
-0.988831491
-0.991655612
-0.994072101
-0.996078947
-0.997674305
-0.998856494
-0.999624001
-0.999975480
-0.999909758
-0.999425833
-0.998522876
-0.997200231
-0.995457422
-0.993294147
-0.990710283
-0.987705886
-0.984281194
-0.980436625
-0.976172779
-0.971490440
-0.966390575
-0.960874335
-0.954943057
-0.948598262
-0.941841658
-0.934675138
-0.927100783
-0.919120857
-0.910737814
-0.901954293
-0.892773119
-0.883197304
-0.873230046
-0.862874727
-0.852134917
-0.841014367
-0.829517015
-0.817646980
-0.805408565
-0.792806253
-0.779844709
-0.766528778
-0.752863480
-0.738854016
-0.724505760
-0.709824261
-0.694815242
-0.679484594
-0.663838382
-0.647882833
-0.631624344
-0.615069475
-0.598224945
-0.581097636
-0.563694585
-0.546022983
-0.528090176
-0.509903658
-0.491471070
-0.472800199
-0.453898971
-0.434775455
-0.415437851
-0.395894495
-0.376153852
-0.356224512
-0.336115189
-0.315834718
-0.295392047
-0.274796238
-0.254056463
-0.233181998
-0.212182221
-0.191066606
-0.169844723
-0.148526229
-0.127120867
-0.105638462
-0.084088915
-0.062482201
-0.040828361
-0.019137502
0.002580212
0.024314560
0.046055273
0.067792035
0.089514492
0.111212252
0.132874892
0.154491965
0.176053002
0.197547517
0.218965016
0.240294995
0.261526954
0.282650393
0.303654827
0.324529780
0.345264802
0.365849464
0.386273372
0.406526164
0.426597524
0.446477179
0.466154913
0.485620563
0.504864034
0.523875297
0.542644397
0.561161461
0.579416699
0.597400414
0.615103001
0.632514962
0.649626901
0.666429537
0.682913706
0.699070367
0.714890608
0.730365650
0.745486853
0.760245723
0.774633912
0.788643229
0.802265644
0.815493289
0.828318467
0.840733656
0.852731514
0.864304884
0.875446797
0.886150478
0.896409354
0.906217052
0.915567408
0.924454470
0.932872505
0.940815998
0.948279661
0.955258434
0.961747492
0.967742245
0.973238347
0.978231694
0.982718432
0.986694958
0.990157923
0.993104239
0.995531079
0.997435879
0.998816343
0.999670447
0.999996439
0.999792841
0.999058455
0.997792362
0.995993925
0.993662792
0.990798897
0.987402461
0.983473994
0.979014298
0.974024466
0.968505883
0.962460230
0.955889480
0.948795904
0.941182065
0.933050827
0.924405344
0.915249071
0.905585757
0.895419445
0.884754474
0.873595477
0.861947381
0.849815404
0.837205053
0.824122129
0.810572716
0.796563186
0.782100196
0.767190683
0.751841865
0.736061235
0.719856562
0.703235886
0.686207516
0.668780025
0.650962249
0.632763281
0.614192469
0.595259412
0.575973954
0.556346184
0.536386426
0.516105237
0.495513404
0.474621937
0.453442062
0.431985221
0.410263060
0.388287430
0.366070377
0.343624134
0.320961122
0.298093937
0.275035347
0.251798285
0.228395841
0.204841256
0.181147915
0.157329341
0.133399186
0.109371222
0.085259338
0.061077530
0.036839892
0.012560609
-0.011746050
-0.036065742
-0.060384055
-0.084686521
-0.108958621
-0.133185794
-0.157353447
-0.181446963
-0.205451709
-0.229353044
-0.253136334
-0.276786951
-0.300290291
-0.323631779
-0.346796877
-0.369771097
-0.392540007
-0.415089241
-0.437404512
-0.459471613
-0.481276435
-0.502804971
-0.524043328
-0.544977735
-0.565594553
-0.585880284
-0.605821579
-0.625405251
-0.644618279
-0.663447823
-0.681881229
-0.699906037
-0.717509996
-0.734681067
-0.751407434
-0.767677515
-0.783479967
-0.798803696
-0.813637868
-0.827971912
-0.841795536
-0.855098726
-0.867871763
-0.880105226
-0.891789998
-0.902917280
-0.913478593
-0.923465787
-0.932871049
-0.941686911
-0.949906252
-0.957522312
-0.964528691
-0.970919360
-0.976688667
-0.981831341
-0.986342499
-0.990217648
-0.993452698
-0.996043958
-0.997988146
-0.999282395
-0.999924251
-0.999911683
-0.999243084
-0.997917275
-0.995933508
-0.993291470
-0.989991284
-0.986033514
-0.981419163
-0.976149680
-0.970226958
-0.963653337
-0.956431602
-0.948564988
-0.940057179
-0.930912304
-0.921134944
-0.910730126
-0.899703323
-0.888060454
-0.875807882
-0.862952412
-0.849501291
-0.835462200
-0.820843258
-0.805653013
-0.789900443
-0.773594949
-0.756746355
-0.739364896
-0.721461224
-0.703046391
-0.684131855
-0.664729464
-0.644851458
-0.624510459
-0.603719463
-0.582491836
-0.560841305
-0.538781951
-0.516328199
-0.493494812
-0.470296885
-0.446749828
-0.422869364
-0.398671518
-0.374172606
-0.349389224
-0.324338240
-0.299036784
-0.273502234
-0.247752207
-0.221804546
-0.195677311
-0.169388765
-0.142957364
-0.116401739
-0.089740693
-0.062993178
-0.036178289
-0.009315250
0.017576605
0.044477838
0.071368925
0.098230269
0.125042215
0.151785062
0.178439081
0.204984526
0.231401648
0.257670714
0.283772020
0.309685903
0.335392759
0.360873059
0.386107360
0.411076325
0.435760733
0.460141501
0.484199690
0.507916530
0.531273429
0.554251988
0.576834022
0.599001566
0.620736899
0.642022554
0.662841332
0.683176321
0.703010906
0.722328789
0.741113996
0.759350898
0.777024222
0.794119065
0.810620908
0.826515630
0.841789521
0.856429294
0.870422098
0.883755534
0.896417662
0.908397016
0.919682618
0.930263982
0.940131135
0.949274619
0.957685507
0.965355411
0.972276493
0.978441471
0.983843632
0.988476841
0.992335545
0.995414783
0.997710194
0.999218026
0.999935137
0.999859004
0.998987730
0.997320049
0.994855327
0.991593569
0.987535424
0.982682185
0.977035793
0.970598841
0.963374573
0.955366884
0.946580325
0.937020101
0.926692068
0.915602735
0.903759261
0.891169454
0.877841767
0.863785295
0.849009771
0.833525563
0.817343666
0.800475701
0.782933903
0.764731119
0.745880801
0.726396992
0.706294327
0.685588015
0.664293835
0.642428125
0.620007769
0.597050190
0.573573334
0.549595660
0.525136127
0.500214181
0.474849739
0.449063178
0.422875317
0.396307405
0.369381100
0.342118460
0.314541919
0.286674275
0.258538668
0.230158565
0.201557742
0.172760262
0.143790458
0.114672912
0.085432437
0.056094052
0.026682967
-0.002775442
-0.032255652
-0.061732017
-0.091178788
-0.120570138
-0.149880180
-0.179082994
-0.208152647
-0.237063218
-0.265788819
-0.294303620
-0.322581873
-0.350597933
-0.378326286
-0.405741567
-0.432818588
-0.459532361
-0.485858120
-0.511771348
-0.537247796
-0.562263510
-0.586794855
-0.610818536
-0.634311622
-0.657251570
-0.679616247
-0.701383953
-0.722533444
-0.743043951
-0.762895208
-0.782067467
-0.800541525
-0.818298739
-0.835321053
-0.851591012
-0.867091788
-0.881807192
-0.895721699
-0.908820464
-0.921089339
-0.932514893
-0.943084424
-0.952785982
-0.961608376
-0.969541198
-0.976574830
-0.982700461
-0.987910103
-0.992196595
-0.995553623
-0.997975726
-0.999458309
-0.999997649
-0.999590908
-0.998236135
-0.995932280
-0.992679195
-0.988477641
-0.983329292
-0.977236739
-0.970203494
-0.962233989
-0.953333582
-0.943508549
-0.932766091
-0.921114330
-0.908562303
-0.895119962
-0.880798171
-0.865608694
-0.849564194
-0.832678227
-0.814965228
-0.796440506
-0.777120232
-0.757021429
-0.736161960
-0.714560514
-0.692236593
-0.669210497
-0.645503307
-0.621136871
-0.596133784
-0.570517371
-0.544311666
-0.517541395
-0.490231952
-0.462409376
-0.434100334
-0.405332091
-0.376132491
-0.346529928
-0.316553321
-0.286232089
-0.255596124
-0.224675761
-0.193501748
-0.162105223
-0.130517678
-0.098770930
-0.066897092
-0.034928539
-0.002897878
0.029162087
0.061218386
0.093237918
0.125187482
0.157033814
0.188743622
0.220283618
0.251620555
0.282721261
0.313552676
0.344081886
0.374276160
0.404102986
0.433530103
0.462525543
0.491057661
0.519095175
0.546607199
0.573563278
0.599933424
0.625688153
0.650798517
0.675236136
0.698973239
0.721982691
0.744238029
0.765713492
0.786384059
0.806225472
0.825214275
0.843327838
0.860544390
0.876843048
0.892203841
0.906607742
0.920036692
0.932473626
0.943902498
0.954308302
0.963677099
0.971996035
0.979253363
0.985438463
0.990541858
0.994555235
0.997471457
0.999284580
0.999989867
0.999583797
0.998064081
0.995429667
0.991680752
0.986818787
0.980846480
0.973767808
0.965588010
0.956313596
0.945952344
0.934513296
0.922006761
0.908444304
0.893838743
0.878204142
0.861555802
0.843910248
0.825285220
0.805699657
0.785173685
0.763728596
0.741386833
0.718171973
0.694108699
0.669222784
0.643541063
0.617091410
0.589902712
0.562004836
0.533428606
0.504205767
0.474368956
0.443951666
0.412988213
0.381513699
0.349563976
0.317175606
0.284385823
0.251232490
0.217754059
0.183989531
0.149978404
0.115760639
0.081376607
0.046867043
0.012273003
-0.022364187
-0.057002979
-0.091601651
-0.126118360
-0.160511189
-0.194738199
-0.228757480
-0.262527202
-0.296005670
-0.329151370
-0.361923028
-0.394279656
-0.426180610
-0.457585637
-0.488454930
-0.518749183
-0.548429634
-0.577458125
-0.605797151
-0.633409906
-0.660260339
-0.686313200
-0.711534091
-0.735889512
-0.759346911
-0.781874727
-0.803442439
-0.824020610
-0.843580928
-0.862096252
-0.879540649
-0.895889440
-0.911119232
-0.925207961
-0.938134924
-0.949880816
-0.960427760
-0.969759342
-0.977860636
-0.984718237
-0.990320284
-0.994656482
-0.997718130
-0.999498138
-0.999991045
-0.999193038
-0.997101963
-0.993717342
-0.989040378
-0.983073968
-0.975822705
-0.967292885
-0.957492507
-0.946431270
-0.934120574
-0.920573514
-0.905804868
-0.889831093
-0.872670308
-0.854342285
-0.834868424
-0.814271743
-0.792576847
-0.769809912
-0.745998656
-0.721172309
-0.695361584
-0.668598644
-0.640917067
-0.612351806
-0.582939154
-0.552716699
-0.521723281
-0.489998946
-0.457584901
-0.424523460
-0.390857995
-0.356632880
-0.321893440
-0.286685892
-0.251057284
-0.215055437
-0.178728884
-0.142126806
-0.105298967
-0.068295646
-0.031167577
0.006034129
0.043258045
0.080452501
0.117565659
0.154545577
0.191340289
0.227897874
0.264166531
0.300094650
0.335630891
0.370724256
0.405324163
0.439380521
0.472843803
0.505665123
0.537796305
0.569189963
0.599799565
0.629579511
0.658485204
0.686473114
0.713500855
0.739527247
0.764512387
0.788417710
0.811206055
0.832841728
0.853290562
0.872519974
0.890499023
0.907198465
0.922590808
0.936650357
0.949353266
0.960677585
0.970603298
0.979112372
0.986188785
0.991818572
0.995989849
0.998692848
0.999919939
0.999665661
0.997926735
0.994702086
0.989992856
0.983802413
0.976136366
0.967002559
0.956411079
0.944374255
0.930906644
0.916025031
0.899748411
0.882097974
0.863097084
0.842771259
0.821148141
0.798257469
0.774131042
0.748802684
0.722308204
0.694685349
0.665973761
0.636214924
0.605452111
0.573730326
0.541096245
0.507598152
0.473285876
0.438210716
0.402425374
0.365983879
0.328941509
0.291354711
0.253281021
0.214778977
0.175908031
0.136728465
0.097301296
0.057688182
0.017951332
-0.021846592
-0.061642575
-0.101373345
-0.140975473
-0.180385475
-0.219539914
-0.258375501
-0.296829200
-0.334838330
-0.372340668
-0.409274554
-0.445578993
-0.481193761
-0.516059502
-0.550117836
-0.583311456
-0.615584230
-0.646881298
-0.677149173
-0.706335832
-0.734390814
-0.761265312
-0.786912259
-0.811286424
-0.834344490
-0.856045139
-0.876349136
-0.895219402
-0.912621090
-0.928521657
-0.942890929
-0.955701170
-0.966927138
-0.976546144
-0.984538105
-0.990885593
-0.995573877
-0.998590971
-0.999927660
-0.999577539
-0.997537038
-0.993805443
-0.988384917
-0.981280509
-0.972500165
-0.962054729
-0.949957941
-0.936226433
-0.920879714
-0.903940153
-0.885432959
-0.865386151
-0.843830526
-0.820799623
-0.796329681
-0.770459588
-0.743230829
-0.714687432
-0.684875901
-0.653845152
-0.621646437
-0.588333271
-0.553961350
-0.518588461
-0.482274397
-0.445080860
-0.407071363
-0.368311125
-0.328866969
-0.288807208
-0.248201534
-0.207120898
-0.165637396
-0.123824137
-0.081755127
-0.039505132
0.002850445
0.045235705
0.087574378
0.129789968
0.171805885
0.213545587
0.254932720
0.295891254
0.336345631
0.376220901
0.415442865
0.453938216
0.491634677
0.528461143
0.564347819
0.599226355
0.633029981
0.665693641
0.697154125
0.727350196
0.756222715
0.783714764
0.809771767
0.834341604
0.857374724
0.878824251
0.898646093
0.916799033
0.933244833
0.947948314
0.960877449
0.972003437
0.981300775
0.988747331
0.994324402
0.998016770
0.999812752
0.999704241
0.997686746
0.993759416
0.987925067
0.980190197
0.970564994
0.959063335
0.945702784
0.930504581
0.913493614
0.894698398
0.874151041
0.851887194
0.827946012
0.802370089
0.775205399
0.746501221
0.716310067
0.684687588
0.651692490
0.617386433
0.581833921
0.545102197
0.507261121
0.468383046
0.428542687
0.387816989
0.346284981
0.304027630
0.261127692
0.217669555
0.173739074
0.129423411
0.084810864
0.039990694
-0.004947050
-0.049911712
-0.094812204
-0.139557198
-0.184055304
-0.228215262
-0.271946126
-0.315157456
-0.357759504
-0.399663407
-0.440781369
-0.481026857
-0.520314782
-0.558561684
-0.595685917
-0.631607830
-0.666249940
-0.699537112
-0.731396726
-0.761758845
-0.790556377
-0.817725233
-0.843204478
-0.866936479
-0.888867044
-0.908945560
-0.927125116
-0.943362630
-0.957618954
-0.969858991
-0.980051783
-0.988170609
-0.994193060
-0.998101117
-0.999881212
-0.999524285
-0.997025827
-0.992385919
-0.985609254
-0.976705158
-0.965687593
-0.952575157
-0.937391067
-0.920163135
-0.900923735
-0.879709761
-0.856562568
-0.831527906
-0.804655853
-0.776000719
-0.745620959
-0.713579063
-0.679941445
-0.644778313
-0.608163542
-0.570174524
-0.530892021
-0.490400002
-0.448785476
-0.406138312
-0.362551056
-0.318118738
-0.272938673
-0.227110258
-0.180734751
-0.133915065
-0.086755535
-0.039361694
0.008159960
0.055702202
0.103157316
0.150417345
0.197374329
0.243920557
0.289948812
0.335352623
0.380026513
0.423866247
0.466769078
0.508634000
0.549361983
0.588856221
0.627022364
0.663768756
0.699006664
0.732650498
0.764618033
0.794830620
0.823213390
0.849695452
0.874210085
0.896694916
0.917092095
0.935348455
0.951415667
0.965250384
0.976814370
0.986074619
0.993003470
0.997578697
0.999783597
0.999607064
0.997043642
0.992093576
0.984762841
0.975063163
0.963012021
0.948632641
0.931953971
0.913010644
0.891842927
0.868496654
0.843023148
0.815479126
0.785926593
0.754432719
0.721069702
0.685914625
0.649049288
0.610560037
0.570537577
0.529076769
0.486276424
0.442239077
0.397070752
0.350880722
0.303781251
0.255887336
0.207316427
0.158188152
0.108624031
0.058747173
0.008681984
-0.041446147
-0.091511155
-0.141386614
-0.190946061
-0.240063309
-0.288612778
-0.336469813
-0.383511011
-0.429614540
-0.474660465
-0.518531064
-0.561111143
-0.602288347
-0.641953470
-0.680000750
-0.716328164
-0.750837717
-0.783435715
-0.814033037
-0.842545393
-0.868893568
-0.893003665
-0.914807320
-0.934241924
-0.951250809
-0.965783443
-0.977795587
-0.987249457
-0.994113857
-0.998364299
-0.999983109
-0.998959511
-0.995289698
-0.988976879
-0.980031312
-0.968470321
-0.954318284
-0.937606612
-0.918373705
-0.896664889
-0.872532333
-0.846034947
-0.817238262
-0.786214293
-0.753041377
-0.717804000
-0.680592601
-0.641503359
-0.600637963
-0.558103371
-0.514011539
-0.468479148
-0.421627310
-0.373581260
-0.324470030
-0.274426123
-0.223585157
-0.172085516
-0.120067974
-0.067675323
-0.015051984
0.037656387
0.090303295
0.142741816
0.194825002
0.246406297
0.297339951
0.347481432
0.396687844
0.444818339
0.491734530
0.537300894
0.581385173
0.623858775
0.664597155
0.703480196
0.740392581
0.775224145
0.807870226
0.838231994
0.866216772
0.891738335
0.914717198
0.935080887
0.952764183
0.967709362
0.979866398
0.989193155
0.995655559
0.999227740
0.999892156
0.997639693
0.992469739
0.984390239
0.973417713
0.959577265
0.942902554
0.923435742
0.901227424
0.876336521
0.848830155
0.818783496
0.786279584
0.751409127
0.714270272
0.674968357
0.633615632
0.590330964
0.545239515
0.498472404
0.450166341
0.400463248
0.349509859
0.297457297
0.244460649
0.190678507
0.136272509
0.081406861
0.026247849
-0.029036659
-0.084277717
-0.139305820
-0.193951420
-0.248045449
-0.301419845
-0.353908080
-0.405345682
-0.455570761
-0.504424528
-0.551751807
-0.597401537
-0.641227277
-0.683087681
-0.722846980
-0.760375433
-0.795549778
-0.828253653
-0.858378004
-0.885821472
-0.910490763
-0.932300984
-0.951175965
-0.967048553
-0.979860873
-0.989564575
-0.996121035
-0.999501539
-0.999687433
-0.996670239
-0.990451741
-0.981044042
-0.968469578
-0.952761111
-0.933961679
-0.912124515
-0.887312936
-0.859600190
-0.829069279
-0.795812741
-0.759932400
-0.721539092
-0.680752345
-0.637700041
-0.592518043
-0.545349786
-0.496345856
-0.445663522
-0.393466262
-0.339923250
-0.285208825
-0.229501944
-0.172985607
-0.115846271
-0.058273242
-0.000458057
0.057406143
0.115125260
0.172504886
0.229350957
0.285470411
0.340671851
0.394766202
0.447567369
0.498892886
0.548564561
0.596409109
0.642258775
0.685951937
0.727333702
0.766256472
0.802580499
0.836174408
0.866915706
0.894691249
0.919397696
0.940941920
0.959241391
0.974224527
0.985831005
0.994012038
0.998730610
0.999961679
0.997692327
0.991921881
0.982661983
0.969936621
0.953782115
0.934247060
0.911392222
0.885290397
0.856026214
0.823695909
0.788407044
0.750278187
0.709438553
0.666027598
0.620194583
0.572098086
0.521905486
0.469792413
0.415942153
0.360545034
0.303797773
0.245902794
0.187067532
0.127503696
0.067426525
0.007054021
-0.053393838
-0.113695893
-0.173630607
-0.232976886
-0.291514892
-0.349026866
-0.405297944
-0.460116973
-0.513277313
-0.564577638
-0.613822711
-0.660824152
-0.705401178
-0.747381329
-0.786601159
-0.822906903
-0.856155112
-0.886213255
-0.912960278
-0.936287132
-0.956097255
-0.972307008
-0.984846069
-0.993657778
-0.998699431
-0.999942522
-0.997372939
-0.990991096
-0.980812015
-0.966865357
-0.949195389
-0.927860896
-0.902935041
-0.874505162
-0.842672519
-0.807551974
-0.769271630
-0.727972405
-0.683807555
-0.636942149
-0.587552486
-0.535825477
-0.481957961
-0.426155998
-0.368634102
-0.309614451
-0.249326044
-0.188003841
-0.125887861
-0.063222260
-0.000254381
0.062766211
0.125588716
0.187962090
0.249636054
0.310362100
0.369894501
0.427991315
0.484415384
0.538935316
0.591326459
0.641371848
0.688863126
0.733601450
0.775398344
0.814076536
0.849470745
0.881428422
0.909810455
0.934491813
0.955362143
0.972326309
0.985304873
0.994234511
0.999068371
0.999776363
0.996345374
0.988779429
0.977099768
0.961344856
0.941570325
0.917848838
0.890269881
0.858939488
0.823979886
0.785529076
0.743740340
0.698781682
0.650835201
0.600096399
0.546773428
0.491086278
0.433265907
0.373553317
0.312198580
0.249459824
0.185602167
0.120896619
0.055618950
-0.009951470
-0.075532863
-0.140842241
-0.205596630
-0.269514296
-0.332315978
-0.393726118
-0.453474085
-0.511295385
-0.566932854
-0.620137827
-0.670671280
-0.718304938
-0.762822336
-0.804019851
-0.841707670
-0.875710711
-0.905869485
-0.932040895
-0.954098965
-0.971935502
-0.985460678
-0.994603542
-0.999312443
-0.999555375
-0.995320234
-0.986614984
-0.973467740
-0.955926758
-0.934060330
-0.907956591
-0.877723234
-0.843487134
-0.805393880
-0.763607220
-0.718308416
-0.669695519
-0.617982554
-0.563398635
-0.506186994
-0.446603947
-0.384917783
-0.321407597
-0.256362059
-0.190078131
-0.122859741
-0.055016401
0.013138193
0.081287606
0.149114125
0.216300238
0.282530127
0.347491154
0.410875358
0.472380926
0.531713658
0.588588395
0.642730428
0.693876858
0.741777910
0.786198203
0.826917948
0.863734093
0.896461387
0.924933369
0.949003277
0.968544866
0.983453134
0.993644948
0.999059577
0.999659108
0.995428768
0.986377123
0.972536175
0.953961340
0.930731312
0.902947813
0.870735230
0.834240133
0.793630688
0.749095949
0.700845052
0.649106296
0.594126128
0.536168030
0.475511303
0.412449781
0.347290449
0.280351989
0.211963259
0.142461708
0.072191736
0.001503009
-0.069251269
-0.139716114
-0.209536534
-0.278359325
-0.345834868
-0.411618917
-0.475374377
-0.536773056
-0.595497390
-0.651242120
-0.703715921
-0.752642973
-0.797764464
-0.838840014
-0.875649016
-0.907991888
-0.935691221
-0.958592825
-0.976566657
-0.989507637
-0.997336336
-0.999999537
-0.997470662
-0.989750065
-0.976865188
-0.958870569
-0.935847713
-0.907904824
-0.875176384
-0.837822603
-0.796028715
-0.750004146
-0.699981550
-0.646215703
-0.588982278
-0.528576505
-0.465311705
-0.399517725
-0.331539271
-0.261734146
-0.190471409
-0.118129456
-0.045094037
0.028243775
0.101489670
0.174248213
0.246124976
0.316728686
0.385673368
0.452580477
0.517081003
0.578817541
0.637446313
0.692639129
0.744085279
0.791493340
0.834592891
0.873136127
0.906899357
0.935684377
0.959319724
0.977661772
0.990595696
0.998036277
0.999928548
0.996248274
0.987002266
0.972228521
0.951996190
0.926405366
0.895586700
0.859700843
0.818937704
0.773515550
0.723679931
0.669702438
0.611879316
0.550529909
0.485994981
0.418634880
0.348827600
0.276966703
0.203459157
0.128723066
0.053185327
-0.022720783
-0.098558078
-0.173887973
-0.248273016
-0.321279442
-0.392479712
-0.461455051
-0.527797935
-0.591114544
-0.651027147
-0.707176413
-0.759223626
-0.806852801
-0.849772679
-0.887718584
-0.920454150
-0.947772881
-0.969499549
-0.985491416
-0.995639271
-0.999868278
-0.998138617
-0.990445927
-0.976821534
-0.957332470
-0.932081279
-0.901205595
-0.864877524
-0.823302796
-0.776719714
-0.725397901
-0.669636835
-0.609764208
-0.546134085
-0.479124897
-0.409137270
-0.336591697
-0.261926072
-0.185593104
-0.108057612
-0.029793733
0.048717952
0.126993357
0.204547865
0.280899332
0.355571102
0.428095001
0.498014307
0.564886671
0.628286961
0.687810031
0.743073378
0.793719673
0.839419161
0.879871898
0.914809818
0.943998610
0.967239405
0.984370233
0.995267277
0.999845869
0.998061268
0.989909168
0.975425959
0.954688733
0.927815021
0.894962267
0.856327049
0.812144032
0.762684671
0.708255668
0.649197182
0.585880816
0.518707377
0.448104435
0.374523683
0.298438125
0.220339098
0.140733157
0.060138834
-0.020916710
-0.101901104
-0.182280260
-0.261521890
-0.339099045
-0.414493644
-0.487199967
-0.556728095
-0.622607264
-0.684389127
-0.741650878
-0.793998233
-0.841068244
-0.882531916
-0.918096622
-0.947508286
-0.970553319
-0.987060302
-0.996901388
-0.999993423
-0.996298769
-0.985825820
-0.968629216
-0.944809730
-0.914513846
-0.877933020
-0.835302621
-0.786900567
-0.733045654
-0.674095590
-0.610444749
-0.542521649
-0.470786176
-0.395726572
-0.317856198
-0.237710100
-0.155841401
-0.072817534
0.010783650
0.094377874
0.177378508
0.259200684
0.339265429
0.417003789
0.491860912
0.563300061
0.630806527
0.693891417
0.752095283
0.804991569
0.852189846
0.893338820
0.928129069
0.956295510
0.977619558
0.991930971
0.999109356
0.999085325
0.991841295
0.977411910
0.955884090
0.927396704
0.892139856
0.850353790
0.802327426
0.748396525
0.688941493
0.624384847
0.555188347
0.481849819
0.404899689
0.324897246
0.242426668
0.158092829
0.072516927
-0.013668052
-0.099821976
-0.185302316
-0.269468933
-0.351688888
-0.431341234
-0.507821756
-0.580547612
-0.648961853
-0.712537783
-0.770783114
-0.823243897
-0.869508191
-0.909209434
-0.942029498
-0.967701395
-0.986011614
-0.996802059
-0.999971583
-0.995477092
-0.983334213
-0.963617510
-0.936460249
-0.902053704
-0.860646014
-0.812540585
-0.758094052
-0.697713807
-0.631855125
-0.561017877
-0.485742886
-0.406607921
-0.324223382
-0.239227693
-0.152282434
-0.064067263
0.024725350
0.113395521
0.201241456
0.287565013
0.371677264
0.452904040
0.530591387
0.604110910
0.672864943
0.736291519
0.793869086
0.845120931
0.889619281
0.926989032
0.956911085
0.979125251
0.993432698
0.999697923
0.997850214
0.987884602
0.969862280
0.943910485
0.910221836
0.869053131
0.820723607
0.765612678
0.704157149
0.636847946
0.564226368
0.486879896
0.405437581
0.320565067
0.232959254
0.143342673
0.052457600
-0.038940034
-0.130086902
-0.220218638
-0.308576257
-0.394412576
-0.476998577
-0.555629675
-0.629631814
-0.698367357
-0.761240705
-0.817703606
-0.867260093
-0.909471016
-0.943958123
-0.970407645
-0.988573357
-0.998279083
-0.999420614
-0.991967017
-0.975961332
-0.951520616
-0.918835364
-0.878168277
-0.829852400
-0.774288627
-0.711942598
-0.643341015
-0.569067382
-0.489757229
-0.406092835
-0.318797505
-0.228629443
-0.136375270
-0.042843241
0.051143770
0.144755481
0.237161524
0.327538817
0.415078940
0.498995420
0.578530885
0.652964003
0.721616154
0.783857763
0.839114245
0.886871495
0.926680869
0.958163616
0.981014708
0.995006029
0.999988887
0.995895828
0.982741712
0.960624056
0.929722620
0.890298233
0.842690870
0.787316987
0.724666130
0.655296848
0.579831937
0.498953049
0.413394727
0.323937896
0.231402874
0.136641971
0.040531729
-0.056035119
-0.152157904
-0.246936407
-0.339479311
-0.428912619
-0.514387986
-0.595090858
-0.670248362
-0.739136854
-0.801089056
-0.855500715
-0.901836705
-0.939636524
-0.968519114
-0.988186953
-0.998429392
-0.999125163
-0.990244069
-0.971847789
-0.944089822
-0.907214529
-0.861555300
-0.807531836
-0.745646585
-0.676480334
-0.600687017
-0.518987764
-0.432164251
-0.341051415
-0.246529583
-0.149516103
-0.050956551
0.048184412
0.146932435
0.244313033
0.339361223
0.431131134
0.518705499
0.601204928
0.677796882
0.747704237
0.810213364
0.864681631
0.910544246
0.947320374
0.974618454
0.992140651
0.999686402
0.997155001
0.984547191
0.961965744
0.929615005
0.887799398
0.836920905
0.777475528
0.710048764
0.635310129
0.554006782
0.466956299
0.375038677
0.279187624
0.180381242
0.079632171
-0.022022691
-0.123532797
-0.223844783
-0.321913408
-0.416712489
-0.507245724
-0.592557271
-0.671741994
-0.743955246
-0.808422089
-0.864445848
-0.911415909
-0.948814653
-0.976223470
-0.993327762
-0.999920878
-0.995906933
-0.981302465
-0.956236909
-0.920951862
-0.875799149
-0.821237685
-0.757829172
-0.686232648
-0.607197959
-0.521558191
-0.430221155
-0.334159995
-0.234403015
-0.132022840
-0.028125009
0.076163878
0.179708327
0.281376301
0.380051635
0.474646359
0.564112804
0.647455362
0.723741750
0.792113661
0.851796679
0.902109332
0.942471187
0.972409877
0.991566978
0.999702662
0.996699054
0.982562254
0.957422982
0.921535833
0.875277125
0.819141368
0.753736371
0.679777033
0.598077873
0.509544381
0.415163264
0.315991702
0.213145722
0.107787809
0.001113898
-0.105660112
-0.211312180
-0.314628106
-0.414415543
-0.509517843
-0.598827613
-0.681299784
-0.755964068
-0.821936631
-0.878430856
-0.924767049
-0.960380970
-0.984831083
-0.997804424
-0.999120999
-0.988736668
-0.966744441
-0.933374176
-0.888990656
-0.834090066
-0.769294882
-0.695347227
-0.613100760
-0.523511178
-0.427625431
-0.326569773
-0.221536767
-0.113771413
-0.004556537
0.104802383
0.212992772
0.318710715
0.420676729
0.517651352
0.608450370
0.691959476
0.767148201
0.833082918
0.888938773
0.934010364
0.967721049
0.989630746
0.999442106
0.997004991
0.982319168
0.955535170
0.916953314
0.867020848
0.806327265
0.735597814
0.655685273
0.567560082
0.472298929
0.371071924
0.265128514
0.155782300
0.044394929
-0.067640730
-0.178917930
-0.288033695
-0.393606550
-0.494294112
-0.588810315
-0.675942047
-0.754564986
-0.823658420
-0.882318852
-0.929772216
-0.965384517
-0.988670767
-0.999302058
-0.997110693
-0.982093275
-0.954411692
-0.914391982
-0.862521059
-0.799441330
-0.725943253
-0.642955913
-0.551535722
-0.452853370
-0.348179193
-0.238867118
-0.126337401
-0.012058358
0.102472665
0.215748849
0.326273731
0.432581040
0.533254280
0.626945799
0.712395082
0.788446027
0.854062945
0.908345078
0.950539422
0.980051656
0.996455029
0.999497059
0.989103936
0.965382540
0.928620045
0.879281071
0.818002411
0.745585389
0.662985910
0.571302343
0.471761368
0.365701958
0.254557710
0.139837751
0.023106461
-0.094037718
-0.209984090
-0.323131853
-0.431912265
-0.534810542
-0.630387158
-0.717298264
-0.794314929
-0.860340913
-0.914428731
-0.955793744
-0.983826084
-0.998100208
-0.998381936
-0.984632850
-0.957011956
-0.915874584
-0.861768491
-0.795427219
-0.717760754
-0.629843625
-0.532900555
-0.428289876
-0.317484907
-0.202053548
-0.083636373
0.036076490
0.155369359
0.272525542
0.385852080
0.493704332
0.594510041
0.686792525
0.769192660
0.840489310
0.899617900
0.945686843
0.977991558
0.996025859
0.999490510
0.988298813
0.962579107
0.922674113
0.869137117
0.802725003
0.724388228
0.635257846
0.536629751
0.429946357
0.316775951
0.198790015
0.077738845
-0.044574208
-0.166319464
-0.285668252
-0.400820422
-0.510031640
-0.611640034
-0.704091797
-0.785965338
-0.855993610
-0.913084243
-0.956337183
-0.985059512
-0.998777223
-0.997243730
-0.980444955
-0.948600882
-0.902163523
-0.841811298
-0.768439878
-0.683149599
-0.587229623
-0.482139048
-0.369485239
-0.250999693
-0.128511793
-0.003920839
0.120833224
0.243799929
0.363048799
0.476699767
0.582953037
0.680117890
0.766639994
0.841126744
0.902370248
0.949367531
0.981337651
0.997735399
0.998261339
0.982868006
0.951762117
0.905402718
0.844495282
0.769981790
0.683026938
0.585000643
0.477457115
0.362110782
0.240809444
0.115505064
-0.011777350
-0.138972291
-0.264007187
-0.384836215
-0.499473910
-0.606028048
-0.702731236
-0.787970678
-0.860315624
-0.918542014
-0.961653885
-0.988901164
-0.999793518
-0.994109986
-0.971904205
-0.933505096
-0.879512966
-0.810791036
-0.728452506
-0.633843336
-0.528520981
-0.414229413
-0.292870818
-0.166474401
-0.037162822
0.092883201
0.221461543
0.346385952
0.465523338
0.576830429
0.678389169
0.768440228
0.845414053
0.907958881
0.954965217
0.985586327
0.999254347
0.995691690
0.974917522
0.937249137
0.883298168
0.813961649
0.730408045
0.634058437
0.526563153
0.409774222
0.285714073
0.156541025
0.024512117
-0.108056067
-0.238827918
-0.365489959
-0.485791911
-0.597586949
-0.698870412
-0.787816273
-0.862810699
-0.922482060
-0.965726845
-0.991730953
-0.999985963
-0.990300018
-0.962803105
-0.917946561
-0.856496779
-0.779523166
-0.688380522
-0.584686110
-0.470291787
-0.347251653
-0.217785774
-0.084240610
0.050953171
0.185324733
0.316408167
0.441787843
0.559143159
0.666291882
0.761231236
0.842175992
0.907592792
0.956230060
0.987142887
0.999712392
0.993659144
0.969050328
0.926300493
0.866165775
0.789731668
0.698394512
0.593836980
0.477997980
0.353037491
0.221296955
0.085255923
-0.052514228
-0.189398685
-0.322788763
-0.450131726
-0.568979902
-0.677038156
-0.772208780
-0.852632927
-0.916727751
-0.963218500
-0.991164899
-0.999981255
-0.989449842
-0.959727240
-0.911343451
-0.845193729
-0.762523232
-0.664904719
-0.554209678
-0.432573375
-0.302354477
-0.166089973
-0.026446256
0.113832718
0.251979178
0.385256166
0.511011950
0.626733152
0.730095517
0.819011289
0.891672215
0.946587291
0.982614417
0.998985309
0.995323073
0.971652036
0.928399568
0.866389776
0.786829133
0.691284251
0.581652192
0.460123832
0.329140985
0.191348088
0.049539390
-0.093397310
-0.234539265
-0.370988527
-0.499931630
-0.618697972
-0.724815691
-0.816063840
-0.890519762
-0.946600636
-0.983098272
-0.999206375
-0.994539643
-0.969144227
-0.923499244
-0.858509250
-0.775487732
-0.676131895
-0.562489192
-0.436916222
-0.302030810
-0.160658201
-0.015772472
0.129565651
0.272273272
0.409310759
0.537746734
0.654821240
0.758005706
0.845058405
0.914074164
0.963527219
0.992306217
0.999740544
0.985617337
0.950188716
0.894169006
0.818721897
0.725437755
0.616301473
0.493651478
0.360130718
0.218630622
0.072229202
-0.075875403
-0.222434506
-0.364220092
-0.498096098
-0.621088196
-0.730450514
-0.823727783
-0.898811495
-0.953988767
-0.987982752
-0.999983627
-0.989669362
-0.957215737
-0.903295266
-0.829064959
-0.736143091
-0.626575418
-0.502791478
-0.367551910
-0.223887877
-0.075033907
0.075644383
0.224726080
0.368812588
0.504605312
0.628981623
0.739067361
0.832304170
0.906510081
0.959931874
0.991287949
0.999800618
0.985216987
0.947817831
0.888414151
0.808331383
0.709381509
0.593823620
0.464313742
0.323845003
0.175679456
0.023273089
-0.129804286
-0.279952411
-0.423625303
-0.557415310
-0.678134527
-0.782891596
-0.869162038
-0.934850379
-0.978342519
-0.998546995
-0.994924068
-0.967501811
-0.916878702
-0.844212537
-0.751195805
-0.640017997
-0.513315638
-0.374111143
-0.225741876
-0.071781045
0.084047720
0.237960080
0.386202847
0.525145758
0.651370928
0.761757761
0.853561192
0.924481284
0.972722384
0.997040275
0.996776070
0.971875867
0.922895564
0.850990581
0.757890590
0.645859768
0.517643425
0.376402214
0.225635461
0.069095444
-0.089305321
-0.245591501
-0.395824674
-0.536202867
-0.663157376
-0.773444407
-0.864229148
-0.933160085
-0.978431573
-0.998832961
-0.993782898
-0.963347807
-0.908243912
-0.829822611
-0.730039432
-0.611407209
-0.476934552
-0.330051064
-0.174521114
-0.014348312
0.146326940
0.303334204
0.452581332
0.590161560
0.712456545
0.816232631
0.898727736
0.957726527
0.991621760
0.999460079
0.980970910
0.936577527
0.867389851
0.775178994
0.662334071
0.531802254
0.387013529
0.231792010
0.070256074
-0.093290126
-0.254470923
-0.408956169
-0.552577908
-0.681443543
-0.792042413
-0.881342832
-0.946876886
-0.986810568
-0.999997213
-0.986012637
-0.945170843
-0.878519700
-0.787816525
-0.675484063
-0.544547881
-0.398556749
-0.241488022
-0.077640525
0.088482248
0.252295447
0.409259344
0.555005505
0.685459128
0.796954111
0.886337586
0.951060885
0.989254282
0.999783263
0.982284586
0.937180921
0.865673470
0.769712580
0.651946973
0.515652845
0.364644650
0.203169948
0.035791158
-0.132742526
-0.297629502
-0.454152618
-0.597814618
-0.724468297
-0.830437557
-0.912625819
-0.968608532
-0.996706979
-0.996041070
-0.966559409
-0.909045541
-0.825100009
-0.717098491
-0.588127055
-0.441896188
-0.282635934
-0.114975047
0.056192452
0.225849498
0.389002877
0.540830502
0.676824736
0.792927462
0.885652845
0.952194023
0.990510399
0.999392779
0.978504190
0.928394959
0.850491354
0.747057896
0.621134231
0.476448233
0.317307738
0.148473992
-0.024979547
-0.197818890
-0.364807192
-0.520863674
-0.661218981
-0.781562201
-0.878174981
-0.948048533
-0.988979781
-0.999643521
-0.979638147
-0.929503313
-0.850708720
-0.745614121
-0.617401508
-0.469981349
-0.307875535
-0.136080462
0.040085658
0.215146644
0.383638343
0.540279506
0.680138195
0.798788465
0.892452313
0.958122268
0.993660611
0.997871855
0.970545961
0.912470656
0.825412177
0.712064769
0.575970272
0.421410069
0.253272631
0.076900642
-0.102077550
-0.277926909
-0.444989432
-0.597866753
-0.731595718
-0.841811208
-0.924890795
-0.978076407
-0.999568819
-0.988591664
-0.945422596
-0.871390286
-0.768837051
-0.641048024
-0.492148882
-0.326975210
-0.150917550
0.030252991
0.210572973
0.384082619
0.545023125
0.688028774
0.808307405
0.901803136
0.965335743
0.996711840
0.994803874
0.959594013
0.892181115
0.794750231
0.670505312
0.523567074
0.358839138
0.181846706
-0.001447027
-0.184840671
-0.362104024
-0.527189977
-0.674441749
-0.798788311
-0.895921222
-0.962446632
-0.996007009
-0.995368139
-0.960468077
-0.892426016
-0.793510410
-0.667067088
-0.517409478
-0.349674424
-0.169648298
0.016430804
0.202088095
0.380836990
0.546406071
0.692960195
0.815307901
0.909087715
0.970926574
0.998564537
0.990941062
0.948239445
0.871887462
0.764513805
0.629861456
0.472660694
0.298465915
0.113461775
-0.075754682
-0.262408305
-0.439788246
-0.601489851
-0.741647294
-0.855148477
-0.937824245
-0.986604836
-0.999637586
-0.976361250
-0.917533856
-0.825212641
-0.702686376
-0.554362121
-0.385610160
-0.202572419
-0.011941101
0.179284597
0.364054878
0.535529513
0.687332177
0.813789456
0.910145525
0.972744278
0.999171831
0.988353721
0.940602748
0.857615240
0.742415392
0.599249319
0.433432349
0.251154888
0.059253818
-0.135042242
-0.324384388
-0.501581462
-0.659874137
-0.793194594
-0.896401759
-0.965482887
-0.997713482
-0.991769046
-0.947783933
-0.867354563
-0.753486372
-0.610486034
-0.443802634
-0.259823456
-0.065631914
0.131263329
0.323217783
0.502747969
0.662824184
0.797147693
0.900401367
0.968463690
0.998577410
0.989465784
0.941391358
0.856154451
0.737030847
0.588650630
0.416822414
0.228309473
0.030566242
-0.168554676
-0.361113554
-0.539400366
-0.696244764
-0.825306689
-0.921335781
-0.980388857
-0.999996310
-0.979270245
-0.918949456
-0.821378850
-0.690423557
-0.531320627
-0.350473796
-0.155199164
0.046568262
0.246595508
0.436687153
0.609021788
0.756475589
0.872919550
0.953477904
0.994736669
0.994893262
0.953840436
0.873180466
0.756168353
0.607585784
0.433550477
0.241268281
0.038737923
-0.165579682
-0.363113958
-0.545544421
-0.705152549
-0.835150851
-0.929975023
-0.985526475
-0.999354498
-0.970769790
-0.900883886
-0.792572136
-0.650361134
-0.480244717
-0.289435771
-0.086063928
0.121168371
0.323356996
0.511778680
0.678268595
0.815576565
0.917686291
0.980083402
0.999960217
0.976347726
0.910168385
0.804206691
0.662998098
0.492640384
0.300535066
0.095069597
-0.114746202
-0.319673843
-0.510652872
-0.679202713
-0.817801761
-0.920226724
-0.981836728
-0.999789045
-0.973176207
-0.903077650
-0.792522808
-0.646366530
-0.471081593
-0.274476922
-0.065353530
0.146886847
0.352663162
0.542647698
0.708190414
0.841715647
0.937072864
0.989825062
0.997461082
0.959521444
0.877631157
0.755437156
0.598452381
0.413812830
0.209958005
-0.003751186
-0.217459962
-0.421273233
-0.605714392
-0.762168032
-0.883285860
-0.963336514
-0.998482462
-0.986970337
-0.929225041
-0.827842300
-0.687479116
-0.514646362
-0.317412399
-0.105030933
0.112489964
0.324857769
0.521982398
0.694457064
0.834010142
0.933906212
0.989276664
0.997363380
0.957663050
0.871964265
0.744274653
0.580640570
0.388867072
0.178150819
-0.041357109
-0.259037904
-0.464318039
-0.647183862
-0.798672694
-0.911316270
-0.979514372
-0.999819750
-0.971119533
-0.894703284
-0.774213326
-0.615478730
-0.426240101
-0.215777801
0.005538850
0.226759730
0.436894684
0.625460287
0.783005370
0.901588869
0.975185667
0.999999421
0.974665847
0.900335229
0.780628940
0.621470989
0.430802017
0.218189125
-0.005649609
-0.229382549
-0.441637101
-0.631578605
-0.789466078
-0.907156154
-0.978528981
-0.999813518
-0.969794612
-0.889890153
-0.764093125
-0.598780359
-0.402396646
-0.185029458
0.042104655
0.267236114
0.478651377
0.665303583
0.817392902
0.926885970
0.987946641
0.997254674
0.954194571
0.860903470
0.722174289
0.545217934
0.339295864
0.115241336
-0.115106298
-0.339524929
-0.546058004
-0.723653473
-0.862759129
-0.955842119
-0.997804079
-0.986268674
-0.921724925
-0.807517307
-0.649681766
-0.456635123
-0.238733355
-0.007721514
0.223895821
0.443530042
0.639193571
0.800157179
0.917543394
0.984822941
0.998186090
0.956767421
0.862710289
0.721066002
0.539531786
0.328040561
0.098223918
-0.137223067
-0.365240787
-0.573129478
-0.749258903
-0.883723553
-0.968906268
-0.999917849
-0.974886903
-0.895082259
-0.764859571
-0.591433523
-0.384486922
-0.155637329
0.082209838
0.315586058
0.531221793
0.716802882
0.861678032
0.957476562
0.998600236
0.982559873
0.910135994
0.785352695
0.615264560
0.409567217
0.180052451
-0.060061995
-0.296890202
-0.516680246
-0.706614484
-0.855561332
-0.954734225
-0.998218403
-0.983333497
-0.910809174
-0.784761831
-0.612471917
-0.403973208
-0.171476577
0.071339167
0.310128576
0.530726301
0.719989379
0.866584899
0.961675618
0.999461664
0.977544635
0.897090692
0.762781036
0.582550829
0.367130381
0.129414452
-0.116303768
-0.355188899
-0.572758773
-0.755764996
-0.893005038
-0.976015760
-0.999605036
-0.962187531
-0.865902315
-0.716503151
-0.523026134
-0.297253102
-0.053002035
0.194713359
0.430604109
0.640050280
0.810010752
0.929841707
0.991972082
0.992392630
0.930926386
0.811261666
0.640743393
0.429933654
0.191967001
-0.058260793
-0.305020909
-0.532739069
-0.726980636
-0.875370818
-0.968391048
-0.999999818
-0.968036877
-0.874383096
-0.724863567
-0.528897833
-0.298917366
-0.049585566
0.203131386
0.442984351
0.654486813
0.823918934
0.940224748
0.995743444
0.986725742
0.913599900
0.780967755
0.597328626
0.374546667
0.127094191
-0.128881459
-0.376607842
-0.599786174
-0.783666997
-0.916031598
-0.988013492
-0.994704161
-0.935500958
-0.814171747
-0.638629435
-0.420428790
-0.174016618
0.084216816
0.337023423
0.567448429
0.759970292
0.901552642
0.982536549
0.997311483
0.944717610
0.828149765
0.655353359
0.437923313
0.190537424
-0.070025971
-0.326020937
-0.559941366
-0.755720884
-0.899842847
-0.982283358
-0.997220895
-0.943461531
-0.824547822
-0.648540979
-0.427488480
-0.176611202
0.086735928
0.344259481
0.577997304
0.771574514
0.911357728
0.987425739
0.994286837
0.931290099
0.802698890
0.617418388
0.388393229
0.131714943
-0.134500185
-0.391385225
-0.620659474
-0.805933414
-0.933888399
-0.995245624
-0.985453146
-0.905039149
-0.759603079
-0.559442044
-0.318836072
-0.055040766
0.212942501
0.465731804
0.684967532
0.854651341
0.962323211
0.999989370
0.964731127
0.858947207
0.690208562
0.470732798
0.216513419
-0.053835159
-0.320434244
-0.563600814
-0.765303749
-0.910508440
-0.988309030
-0.992762219
-0.923357889
-0.785088192
-0.588106318
-0.346996778
-0.079708370
0.193773141
0.452915188
0.678180713
0.852506756
0.962607086
0.999998717
0.961672047
0.850350526
0.674316427
0.446812072
0.185058370
-0.091037805
-0.360391256
-0.602347521
-0.798270699
-0.932987755
-0.995976758
-0.982205053
-0.892549463
-0.733762212
-0.517981122
-0.261818031
0.014907469
0.290693507
0.544023894
0.755049481
0.907151389
0.988262435
0.991840807
0.917416209
0.770661617
0.562980687
0.310639097
0.033504493
-0.246508517
-0.507167431
-0.727688934
-0.890403479
-0.982183529
-0.995519115
-0.929151367
-0.788209214
-0.583833786
-0.332316152
-0.053813526
0.229256161
0.494014350
0.718972511
0.885783604
0.980751097
0.995970470
0.930006800
0.788048917
0.581522778
0.327190901
0.045807153
-0.239566500
-0.505445688
-0.729858048
-0.894166932
-0.984632510
-0.993578453
-0.920063808
-0.769999701
-0.555696174
-0.294871825
-0.009204190
0.277461895
0.541100829
0.759522553
0.914249306
0.992093406
0.986300221
0.897155783
0.732002782
0.504658257
0.234277070
-0.056247117
-0.342211230
-0.599200807
-0.805178775
-0.942385990
-0.998888803
-0.969637509
-0.856940160
-0.670305652
-0.425663949
-0.144025292
0.150310500
0.431843307
0.676081646
0.861680057
0.972317908
0.998153190
0.936720311
0.793188203
0.579950336
0.315576683
0.023214167
-0.271428280
-0.542335770
-0.765487168
-0.920995018
-0.994894265
-0.980417563
-0.878638961
-0.698422863
-0.455676569
-0.171967044
0.127379802
0.415531304
0.666552275
0.857746073
0.971720672
0.997990524
0.933965021
0.785228403
0.565079330
0.293365329
-0.005287998
-0.303696828
-0.574589130
-0.793100901
-0.939069903
-0.998914368
-0.966920036
-0.845811608
-0.646549407
-0.387363080
-0.092105003
0.211929992
0.496520748
0.735140606
0.905439527
0.991354485
0.984647398
0.885721373
0.703632176
0.455286626
0.163896062
-0.143175982
-0.436974033
-0.689680333
-0.877256740
-0.981747348
-0.993019839
-0.909774742
-0.739719715
-0.498884727
-0.210135934
0.098976504
0.398836046
0.660595278
0.858958192
0.974640302
0.996266003
0.921514465
0.757396205
0.519625692
0.231142864
-0.080080046
-0.383738776
-0.650145040
-0.853135878
-0.972658716
-0.996775321
-0.922882285
-0.758020722
-0.518236444
-0.227045318
0.086852250
0.392387776
0.659197060
0.860645034
0.976501171
0.994995227
0.914042186
0.741506249
0.494468760
0.197564675
-0.119453349
-0.424684622
-0.687288758
-0.880610329
-0.984902541
-0.989369936
-0.893316407
-0.706273596
-0.447087446
-0.142046832
0.177762883
0.479617144
0.732500892
0.910306101
0.994547551
0.976312420
0.857235386
0.649389608
0.374095143
0.059758777
-0.261038799
-0.554911860
-0.791147202
-0.944927988
-0.999964191
-0.950248543
-0.800745769
-0.566933026
-0.273229657
0.049528028
0.367308630
0.646469368
0.857324875
0.977321907
0.993478710
0.903822512
0.717662725
0.454660209
0.142781443
-0.184652994
-0.492516679
-0.747645915
-0.922424435
-0.997795600
-0.965371268
-0.828400824
-0.601485024
-0.309054468
0.017232770
0.341900388
0.629504958
0.848511671
0.974770382
0.994206958
0.904427111
0.715046405
0.446698613
0.128820093
-0.203555715
-0.513647387
-0.766996794
-0.935311998
-0.999651836
-0.952591127
-0.799115489
-0.556134256
-0.250653680
0.083196540
0.407959361
0.687049005
0.888882070
0.990473782
0.980087614
0.858629418
0.639616538
0.347712620
0.015982170
-0.317833408
-0.615601476
-0.843160011
-0.974256224
-0.993605849
-0.898713307
-0.700231938
-0.420809622
-0.092539654
0.246700510
0.557608039
0.804010978
0.957093673
0.998795984
0.923982108
0.741114431
0.471340072
0.146083055
-0.196588429
-0.516403151
-0.775620141
-0.943497972
-0.999969148
-0.938077270
-0.764876731
-0.500674268
-0.176687761
0.168612790
0.494056981
0.760682015
0.936412216
0.999946450
0.943379154
0.773228054
0.509730376
0.184477039
-0.163343865
-0.491651584
-0.760562709
-0.937251348
-0.999985608
-0.940840702
-0.766745365
-0.498718633
-0.169374275
0.181016261
0.509431229
0.775380570
0.945914301
0.999735988
0.929904210
0.744774471
0.467048846
0.131034604
-0.221562754
-0.546800254
-0.803975576
-0.960739666
-0.997199502
-0.908486736
-0.705455351
-0.413403665
-0.068964280
0.284461309
0.602158456
0.843761542
0.978405207
0.988704670
0.873047401
0.645888517
0.335994230
-0.017160051
-0.368391511
-0.672581510
-0.890481136
-0.993802711
-0.968933536
-0.818779268
-0.562481433
-0.233026689
0.126960376
0.470709565
0.753377984
0.937915719
0.999955237
0.931075204
0.739995898
0.451530584
0.103410794
-0.258614870
-0.586776555
-0.837590188
-0.977642792
-0.988083567
-0.867212135
-0.630802270
-0.310097669
0.052273322
0.407936040
0.709219117
0.915556848
0.998983045
0.947968336
0.769068466
0.486141294
0.137216693
-0.230577338
-0.567360848
-0.827268715
-0.974720052
-0.989330396
-0.868783243
-0.629249599
-0.303276097
0.064590951
0.423863911
0.725034949
0.926412531
0.999927592
0.935096303
0.740573417
0.443058891
0.083686219
-0.287626758
-0.619094297
-0.864290859
-0.988681490
-0.974532315
-0.823496799
-0.556493065
-0.210865334
0.164794071
0.517450915
0.797114006
0.963943188
0.993966990
0.882583764
0.645327399
0.315763796
-0.059206678
-0.425991051
-0.731954301
-0.932988129
-0.999907693
-0.922743529
-0.712290025
-0.398661921
-0.027041240
0.348793249
0.674233311
0.901786001
0.998038884
0.948619584
0.760406116
0.460639546
0.093041515
-0.288519319
-0.627901192
-0.874955861
-0.992970189
-0.964174151
-0.792481582
-0.503032081
-0.138573590
0.246803789
0.595671624
0.855824173
0.988120296
0.972424242
0.810736310
0.527017438
0.163704611
-0.224586704
-0.579246466
-0.846518315
-0.985676526
-0.975283855
-0.816561213
-0.533329990
-0.168505190
0.222355350
0.579484332
0.848045370
0.986582702
0.973474077
0.810374590
0.522093035
0.152888035
-0.240274457
-0.596483642
-0.860323074
-0.990523793
-0.966475718
-0.791561640
-0.492764139
-0.116573715
0.278192986
0.629563954
0.882146036
0.995893126
0.952515240
0.758493829
0.444195369
0.059189061
-0.335521109
-0.677141014
-0.911086712
-0.999746644
-0.928593051
-0.708639838
-0.374819831
0.019494136
0.410976630
0.736503704
0.943348445
0.997768901
0.890582417
0.638794756
0.282983934
-0.119173071
-0.502209391
-0.803517646
-0.973609065
-0.984297462
-0.833446093
-0.545466237
-0.167447488
0.238480850
0.605328790
0.872303195
0.994918723
0.952475027
0.751633237
0.425461226
0.028066534
-0.374325503
-0.714386743
-0.934966337
-0.998744068
-0.894618775
-0.639726502
-0.276708851
0.133349107
0.521154419
0.820908039
0.981498452
0.975278400
0.802907704
0.493400593
0.099326725
-0.312055631
-0.670249841
-0.913610740
-0.999999645
-0.914155532
-0.670480772
-0.310718926
0.103118783
0.499393711
0.809229980
0.978514092
0.977408995
0.805699492
0.492997133
0.093722915
-0.322298555
-0.682019782
-0.922006907
-0.999675017
-0.900924140
-0.642793419
-0.270618902
0.149849694
0.544017166
0.841669593
0.989516201
0.960800503
0.760235433
0.423336686
0.010223986
